0 9 0
9 11 1
11 12 1
12 18 1
18 22 0
22 23 1
23 25 1
25 27 1
27 28 1
28 29 1
29 48 0
48 48 1
48 54 1
54 54 1
54 74 0
74 74 1
74 83 0
83 87 1
87 116 0
116 117 1
117 122 1
122 123 1
123 124 0
124 137 1
137 147 0
147 150 1
150 153 0
153 156 1
156 162 0
162 165 1
165 166 1
166 205 1
205 227 0
227 233 1
233 234 1
234 238 1
238 239 1
239 244 1
244 255 0
255 261 1
261 262 0
262 267 1
267 270 0
270 275 1
275 282 0
282 284 1
284 327 0
327 340 0
340 352 0
352 369 1
369 370 0
370 371 1
371 373 1
373 380 1
380 381 1
381 400 0
400 406 1
406 407 1
407 408 1
408 410 1
410 411 1
411 412 1
412 415 1
415 418 0
418 438 1
