0 9 0
9 11 1
11 16 0
16 18 1
18 19 0
19 28 1
28 48 0
48 54 1
54 73 0
73 83 1
83 87 0
87 89 1
89 118 0
118 119 1
119 120 0
120 121 1
121 122 0
122 123 1
123 124 0
124 137 1
137 148 0
148 149 1
149 150 0
150 151 1
151 154 0
154 155 1
155 157 0
157 158 1
158 170 0
170 172 1
172 173 0
173 177 1
177 180 0
180 181 1
181 182 0
182 183 1
183 184 0
184 189 1
189 191 0
191 192 1
192 194 0
194 195 1
195 196 0
196 200 0
200 202 0
202 204 1
204 224 0
224 244 0
244 254 0
254 257 1
257 352 0
352 381 1
381 400 0
400 403 1
403 405 0
405 415 1
415 418 0
418 438 1