0 9 0
9 14 1
14 15 0
15 18 1
18 19 0
19 28 1
28 48 0
48 54 1
54 73 0
73 83 1
83 84 0
84 89 1
89 119 0
119 123 1
123 124 0
124 137 1
137 146 0
146 147 1
147 148 0
148 150 1
150 151 0
151 154 1
154 155 0
155 156 1
156 159 0
159 163 1
163 164 0
164 177 1
177 180 0
180 189 1
189 190 0
190 200 1
200 202 0
202 205 1
205 224 0
224 244 1
244 254 0
254 260 1
260 261 0
261 309 1
309 327 0
327 342 1
342 352 0
352 381 1
381 400 0
400 404 1
404 405 0
405 414 1
414 418 0
418 419 1
419 420 0
420 421 1
421 423 0
423 426 1
426 428 0
428 429 1
429 430 0
430 438 1
