0 11 0
11 12 1
12 17 0
17 18 1
18 31 0
31 39 1
39 47 0
47 48 1
48 50 0
50 51 1
51 53 0
53 56 1
56 57 0
57 64 1
64 88 0
88 89 1
89 112 0
112 113 1
113 118 0
118 121 1
121 122 0
122 127 1
127 128 0
128 132 1
132 133 0
133 146 1
146 147 0
147 149 1
149 151 0
151 152 1
152 153 0
153 157 1
157 158 0
158 159 1
159 161 0
161 165 1
165 166 0
166 170 1
170 171 0
171 172 1
172 175 0
175 177 1
177 178 0
178 179 1
179 182 0
182 184 1
184 189 0
189 190 1
190 191 0
191 194 1
194 196 0
196 198 1
198 199 0
199 202 1
202 205 0
205 206 1
206 213 0
213 214 1
214 219 0
219 222 1
222 229 0
229 231 1
231 233 0
233 235 1
235 253 0
253 254 1
254 255 0
255 261 1
261 306 0
306 308 1
308 314 0
314 315 1
315 319 0
319 320 1
320 324 0
324 328 1
328 329 0
329 330 1
330 333 0
333 335 1
335 344 0
344 345 1
345 369 0
369 371 1
371 378 0
378 382 1
382 389 0
389 390 1
390 391 0
391 392 1
392 420 0
