0 9 0
9 11 1
11 16 0
16 17 1
17 19 0
19 20 1
20 28 0
28 29 1
29 30 0
30 32 1
32 41 0
41 42 1
42 56 0
56 58 1
58 59 0
59 63 1
63 71 0
71 73 1
73 77 0
77 78 1
78 80 0
80 82 1
82 86 0
86 87 1
87 112 0
112 116 1
116 117 0
117 119 1
119 123 0
123 126 1
126 129 0
129 134 1
134 142 0
142 144 1
144 146 0
146 150 1
150 151 0
151 154 1
154 157 0
157 159 1
159 160 0
160 166 1
166 167 0
167 168 1
168 169 0
169 171 1
171 174 0
174 181 1
181 188 0
188 192 1
192 196 0
196 197 1
197 199 0
199 201 1
201 206 0
206 208 1
208 209 0
209 212 1
212 215 0
215 216 1
216 226 0
226 227 1
227 229 0
229 232 1
232 234 0
234 238 1
238 259 0
259 261 1
261 262 0
262 263 1
263 272 0
272 275 1
275 283 0
283 284 1
284 285 0
285 286 1
286 287 0
287 290 1
290 291 0
291 294 1
294 295 0
295 297 1
297 318 0
318 319 1
319 326 0
326 329 1
329 333 0
333 335 1
335 372 0
372 375 1
375 420 0
